0 0.000000 0.000000
1200 400.000000 400.000000
2400 400.000000 400.000000
3600 400.000000 400.000000
4800 400.000000 399.000000
6000 400.000000 400.000000
7200 400.000000 400.000000
8400 400.000000 400.000000
9600 400.000000 399.000000
10800 400.000000 400.000000
12000 400.000000 400.000000
13200 400.000000 399.000000
14400 400.000000 399.000000
15600 400.000000 400.000000
16800 400.000000 400.000000
18000 400.000000 400.000000
19200 400.000000 399.000000
20400 400.000000 398.000000
21600 400.000000 398.000000
22800 400.000000 396.000000
